00000000000000000000000000001000
00000000010000000000000011100000
00000001000000001000000000000000
00000000000000001000000001000000
00000000000000000000000000010100
00000000000000000000000000000011
00000000000000000000000000000001
00000000000000000000000000000010
00000000000000000000000000001000
00000000000000000000000000010000
00000000000000000000000000000000
00000000000000000000000000010100
00000000000000000000000000001000
00000000000000000000000000001000
00000000010000000000000011100000
00000001000000001000000000000000
00000000000000001000000001000000
00000000000000000000000000010100
00000000000000000000000000000011
00000000000000000000000000000001
00000000000000000000000000000010
00000000000000000000000000001000
00000000000000000000000000010000
00000000000000000000000000000000
00000000000000000000000000010100
00000000000000000000000000001000
00000000000000000000000000001000
00000000010000000000000011100000
00000001000000001000000000000000
00000000000000001000000001000000
00000000000000000000000000010100
00000000000000000000000000000011
00000000000000000000000000000001
00000000000000000000000000000010
00000000000000000000000000001000
00000000000000000000000000010000
00000000000000000000000000000000
00000000000000000000000000010100
00000000000000000000000000001000
00000000000000000000000000001000
00000000010000000000000011100000
00000001000000001000000000000000
00000000000000001000000001000000
00000000000000000000000000010100
00000000000000000000000000000011
00000000000000000000000000000001
00000000000000000000000000000010
00000000000000000000000000001000
00000000000000000000000000010000
00000000000000000000000000000000
00000000000000000000000000010100
00000000000000000000000000001000
00000000000000000000000000001000
00000000010000000000000011100000
00000001000000001000000000000000
00000000000000001000000001000000
00000000000000000000000000010100
00000000000000000000000000000011
00000000000000000000000000000001
00000000000000000000000000000010
00000000000000000000000000001000
00000000000000000000000000010000
00000000000000000000000000000000
00000000000000000000000000010100